name: BINPROC
channels:
  - biobakery
  - conda-forge
  - bioconda
  - defaults
dependencies:
  - _libgcc_mutex=0.1=conda_forge
  - _openmp_mutex=4.5=2_gnu
  - aria2=1.23.0=0
  - biopython=1.79=py36h8f6f2f9_0
  - bowtie2=2.5.1=py36hb79b6da_1
  - bzip2=1.0.8=hd590300_5
  - c-ares=1.28.1=hd590300_0
  - ca-certificates=2024.2.2=hbcca054_0
  - capnproto=0.10.2=h6239696_0
  - certifi=2021.5.30=py36h5fab9bb_0
  - checkm-genome=1.2.2=pyhdfd78af_1
  - curl=7.87.0=h6312ad2_0
  - cycler=0.11.0=pyhd8ed1ab_0
  - dendropy=4.6.0=pyh7cba7a3_0
  - drep=3.4.2=pyhdfd78af_0
  - fastani=1.34=h4dfc31f_2
  - freetype=2.12.1=h267a509_2
  - gawk=5.3.0=ha916aea_0
  - gettext=0.22.5=h59595ed_2
  - gettext-tools=0.22.5=h59595ed_2
  - gmp=6.3.0=h59595ed_1
  - gsl=2.7=he838d99_0
  - hmmer=3.4=hdbdd923_1
  - htslib=1.17=h6bc39ce_1
  - icu=73.2=h59595ed_0
  - joblib=1.2.0=pyhd8ed1ab_0
  - jpeg=9e=h0b41bf4_3
  - keyutils=1.6.1=h166bdaf_0
  - kiwisolver=1.3.1=py36h605e78d_1
  - krb5=1.20.1=hf9c8cef_0
  - lcms2=2.12=hddcbb42_0
  - ld_impl_linux-64=2.40=h55db66e_0
  - libasprintf=0.22.5=h661eb56_2
  - libasprintf-devel=0.22.5=h661eb56_2
  - libblas=3.9.0=20_linux64_openblas
  - libcblas=3.9.0=20_linux64_openblas
  - libcurl=7.87.0=h6312ad2_0
  - libdeflate=1.13=h166bdaf_0
  - libedit=3.1.20191231=he28a2e2_2
  - libev=4.33=hd590300_2
  - libffi=3.4.2=h7f98852_5
  - libgcc=7.2.0=h69d50b8_2
  - libgcc-ng=13.2.0=hc881cc4_6
  - libgettextpo=0.22.5=h59595ed_2
  - libgettextpo-devel=0.22.5=h59595ed_2
  - libgfortran-ng=13.2.0=h69a702a_6
  - libgfortran5=13.2.0=h43f5ff8_6
  - libgomp=13.2.0=hc881cc4_6
  - libhwloc=2.10.0=default_h2fb2949_1000
  - libiconv=1.17=hd590300_2
  - libidn2=2.3.7=hd590300_0
  - liblapack=3.9.0=20_linux64_openblas
  - libnghttp2=1.51.0=hdcd2b5c_0
  - libnsl=2.0.1=hd590300_0
  - libopenblas=0.3.25=pthreads_h413a1c8_0
  - libpng=1.6.43=h2797004_0
  - libsqlite=3.45.3=h2797004_0
  - libssh2=1.10.0=haa6b8db_3
  - libstdcxx-ng=13.2.0=h95c4c6d_6
  - libtiff=4.2.0=hf544144_3
  - libunistring=0.9.10=h7f98852_0
  - libwebp-base=1.4.0=hd590300_0
  - libxcrypt=4.4.36=hd590300_1
  - libxml2=2.12.6=h232c23b_2
  - libzlib=1.2.13=hd590300_5
  - mash=2.3=hd3113c8_6
  - matplotlib-base=3.3.4=py36hd391965_0
  - mmseqs2=15.6f452=pl5321h6a68c12_2
  - mpfr=4.2.1=h9458935_1
  - mummer4=4.0.0rc1=pl5321hdbdd923_6
  - ncurses=6.4.20240210=h59595ed_0
  - numpy=1.19.5=py36hfc0c790_2
  - olefile=0.46=pyh9f0ad1d_1
  - openjpeg=2.4.0=hb52868f_1
  - openssl=1.1.1w=hd590300_0
  - pandas=1.1.5=py36h284efc9_0
  - patsy=0.5.6=pyhd8ed1ab_0
  - perl=5.32.1=7_hd590300_perl5
  - pillow=8.2.0=py36ha6010c0_1
  - pip=21.3.1=pyhd8ed1ab_0
  - pplacer=1.1.alpha19=h9ee0642_2
  - prodigal=2.6.3=h031d066_8
  - pyparsing=3.1.2=pyhd8ed1ab_0
  - pysam=0.21.0=py36h50b03f4_0
  - python=3.6.15=hb7a2778_0_cpython
  - python-dateutil=2.8.2=pyhd8ed1ab_0
  - python_abi=3.6=2_cp36m
  - pytz=2023.3.post1=pyhd8ed1ab_0
  - readline=8.2=h8228510_1
  - samtools=1.18=hd87286a_0
  - scikit-learn=0.24.2=py36hc89565f_1
  - scipy=1.5.3=py36h81d768a_1
  - seaborn=0.11.2=hd8ed1ab_0
  - seaborn-base=0.11.2=pyhd8ed1ab_0
  - setuptools=58.0.4=py36h5fab9bb_2
  - six=1.16.0=pyh6c4a22f_0
  - skani=0.2.1=h4ac6f70_0
  - sqlite=3.45.3=h2c6b66d_0
  - statsmodels=0.12.2=py36he33b4a0_0
  - tbb=2021.12.0=h00ab1b0_0
  - threadpoolctl=3.1.0=pyh8a188c0_0
  - tk=8.6.13=noxft_h4845f30_101
  - tornado=6.1=py36h8f6f2f9_1
  - tqdm=4.7.2=py36_0
  - wget=1.20.3=ha56f1ee_1
  - wheel=0.37.1=pyhd8ed1ab_0
  - xz=5.2.6=h166bdaf_0
  - zlib=1.2.13=hd590300_5
  - zstd=1.5.5=hfc55251_0
